0.606833107260678
0.7329369778678647
0.21156537167203093
0.37034595934067815
0.9900454792451937
0.3879419179387339
0.8531120935604014
0.16591504683446623
0.6668493578425262
0.9345548039893307
0.4147351342047614
0.7441967594900095
0.29358351523932813
0.08793967854109652
0.30043348625934085
0.7299894810345957
0.15653204994235992
0.34342963346203337
0.08256844104245986
0.8685333367674407
0.3242566535564596
0.37545919241704717
0.506425023600412
0.30049025214323244
0.03309254018217722
0.7323441607623613
0.14423785406564837
0.7903947031404686
0.48015455666990514
0.5744400874773838
0.9411849484750859
0.39505816643919667
0.1112051278538535
0.12090866737420147
0.7481357630483185
0.04598745325494946
0.9966280985761109
0.6862505458670197
0.38142413536988073
0.5180300440573414
0.8075853237747722
0.3600629597406535
0.012172666760097761
0.05468200051155703
0.8387162128980498
0.43730867165415077
0.7944012772455052
0.367251787786675
0.155633184932369
0.07171426755220067
0.7451003611035795
0.28252492215278324
0.29653708958745184
0.14727904167747363
0.2360579936614906
0.33838788735570513
0.36016480080276736
0.1015723285382738
0.6302639721462939
0.7835934490906814
0.2527552421159551
0.1121866412511544
0.8416929121289093
0.43792997415883816
0.7119774008610116
0.6432725250651924
0.5882724321381634
0.253101152943924
0.014855683677806653
0.3913544730400699
0.8351816694052899
0.08480875665014764
0.5835847724254773
0.8968065933899915
0.5017459774253957
0.7266783819229546
0.7471837953174831
0.47936066215155826
0.5185004228725362
0.7977547790150535
0.9767501703556366
0.06172939134030986
0.987087193838254
0.9903590529993203
0.7376230222049529
0.17832049149540874
0.5533948886036957
0.16061362055556505
0.8418030063484225
0.2645405097354141
0.14801117748470027
0.17797990311680678
0.34697397908234906
0.9578333543440639
0.27096089500198495
0.7539460455151661
0.22860174577961356
0.7341363761764594
0.5894565162428854
0.1894701986385423
